183297684
257221237
159773650
159886764
257279425
263202812
183717049
183689310
263233969
183861937
263219097
183869961
183861939
183831836
263190725
159759813
183717050
183821531
159851383
263219102
263191054
257205226
263295827
263094445
257192483
257197226
159601028
183701703
263217265
263292968
257278535
183810967
257278544
159849598
257278547
183810313
257278549
257279200
263292949
183810315
257278542
183810999
263227340
183701705
257192484
159753392
159673540
257304906
183843354
159861245
159852576
159851389
159851392
263276653
263276651
257267505
183799923
263266485
159813462
183762968
183732508
263216185
159773244
257214455
257214456
263218568
159772596
263218576
263225345
183709625
159761121
159761117
263208858
159761110
257202002
159778507
263197270
263197273
159746152
